4560.0
6832.0
9990.0
1678.0
4031.0
9798.0
5495.0
6939.0
3435.0
607.0
9545.0
7349.0
6637.0
3711.0
9494.0
5706.0
3733.0
202.0
6504.0
9428.0
3581.0
5308.0
917.0
9527.0
6769.0
7961.0
6344.0
4276.0
7687.0
7521.0
2176.0
67.0
2157.0
9455.0
4451.0
3322.0
6968.0
4369.0
681.0
1928.0
2081.0
7008.0
5657.0
2155.0
9391.0
2390.0
6958.0
4047.0
313.0
78.0
2511.0
854.0
7498.0
1435.0
6207.0
9865.0
7653.0
6426.0
6917.0
2727.0
7809.0
1449.0
6657.0
4355.0
231.0
7438.0
9503.0
5996.0
3071.0
8886.0
6129.0
7353.0
6766.0
7865.0
3253.0
4746.0
2821.0
836.0
6919.0
2791.0
9870.0
7814.0
1610.0
1842.0
9312.0
9846.0
7041.0
6720.0
6384.0
5564.0
9160.0
4952.0
9454.0
4418.0
2259.0
2739.0
8195.0
3879.0
4903.0
7876.0
3607.0
6145.0
7869.0
3381.0
8868.0
5549.0
8677.0
9399.0
2647.0
5233.0
8502.0
3764.0
1200.0
8640.0
8208.0
4297.0
8363.0
9288.0
9073.0
2150.0
9230.0
7206.0
2033.0
5462.0
5876.0
9207.0
6465.0
8173.0
3170.0
2074.0
6782.0
8380.0
9836.0
6719.0
6351.0
4502.0
4964.0
9840.0
6848.0
505.0
6261.0
1604.0
1648.0
3065.0
8693.0
9914.0
