0.6985488126649076
0.8990765171503958
0.753957783641161
0.6616094986807388
0.05738786279683377
0.2183377308707124
0.9571240105540897
0.7908970976253298
0.5032981530343008
0.5930079155672823
0.9228232189973615
0.22361477572559366
0.5059366754617414
0.8674142480211082
0.46108179419525064
0.2025065963060686
0.3106860158311346
0.5613456464379947
0.6299472295514512
0.7645118733509235
0.7592348284960422
0.2104221635883905
0.13390501319261214
0.17612137203166228
0.566622691292876
0.1787598944591029
0.8410290237467019
0.7170184696569921
0.8199208443271768
0.5217678100263852
0.5138522427440633
0.6906332453825857
0.0758575197889182
0.1391820580474934
0.724934036939314
0.6431398416886543
0.13654353562005278
0.4505277044854881
0.10488126649076517
0.15765171503957784
0.645778364116095
0.4109498680738786
0.9887862796833773
0.08377308707124011
0.962401055408971
0.3397097625329815
0.5798153034300791
0.5507915567282322
0.5323218997361477
0.6114775725593667
0.8436675461741425
0.991424802110818
0.358179419525066
0.5006596306068601
0.3186015831134565
0.3845646437994723
0.24472295514511874
0.7011873350923483
0.17348284960422164
0.2922163588390501
0.6405013192612137
0.8621372031662269
0.912269129287599
0.12598944591029024
0.3529023746701847
0.9518469656992085
0.2420844327176781
0.4267810026385224
0.6352242744063324
0.3133245382585752
0.8357519788918206
0.16820580474934038
0.7434036939313984
0.5639841688654353
0.9043535620052771
0.3027704485488127
0.7381266490765171
0.015171503957783642
0.8278364116094987
0.3449868073878628
0.12862796833773088
0.6273087071240105
0.4901055408970976
0.22097625329815304
0.23153034300791556
0.329155672823219
0.4821899736147757
0.39775725593667544
0.616754617414248
0.3924802110817942
0.0679419525065963
0.3159630606860158
0.11015831134564644
0.7064643799472295
0.7222955145118733
0.3687335092348285
0.5982849604221636
0.4716358839050132
0.300131926121372
