0.7091029023746702
0.007255936675461741
0.015171503957783642
0.8383905013192612
0.45316622691292874
0.38984168865435354
0.804089709762533
0.8858839050131926
0.3924802110817942
0.07849604221635884
0.4241424802110818
0.3713720316622691
0.883245382585752
0.11807387862796834
0.5402374670184696
0.44525065963060684
0.566622691292876
0.18931398416886544
0.9492084432717678
0.9782321899736148
0.9967018469656992
0.9175461741424802
0.6853562005277045
0.537598944591029
0.170844327176781
0.02836411609498681
0.2104221635883905
0.14445910290237468
0.2843007915567282
0.8278364116094987
0.3555408970976253
0.23680738786279684
0.8885224274406333
0.66688654353562
0.616754617414248
0.4030343007915567
0.17612137203166228
0.5771767810026385
0.2869393139841689
0.10224274406332454
0.8937994722955145
0.21569920844327176
0.6932717678100264
0.3608179419525066
0.7856200527704486
0.9650395778364116
0.6246701846965699
0.2262532981530343
0.7908970976253298
0.5138522427440633
0.7011873350923483
0.18403693931398418
0.4003957783641161
0.9017150395778364
0.03891820580474934
0.3080474934036939
0.2974934036939314
0.19986807387862796
0.04683377308707124
0.1312664907651715
0.912269129287599
0.13654353562005278
0.46108179419525064
0.21306068601583114
0.4188654353562005
0.8225593667546174
0.8067282321899736
0.16029023746701848
0.9307387862796834
0.05738786279683377
0.22889182058047494
0.06530343007915568
0.052110817941952506
0.6800791556728232
0.9887862796833773
0.09432717678100264
0.07058047493403694
0.6009234828496042
0.7565963060686016
0.9465699208443272
0.7038258575197889
0.45844327176781
0.9386543535620053
0.8806068601583114
0.8436675461741425
0.001978891820580475
0.4663588390501319
0.7618733509234829
0.4953825857519789
0.7803430079155673
0.4162269129287599
0.5481530343007915
0.2684696569920844
0.18139841688654354
0.12598944591029024
0.3634564643799472
0.060026385224274406
0.5032981530343008
0.6035620052770448
